2.84217e-14
2.84217e-14
2.84217e-14
2.84217e-14
2.84217e-14
2.84217e-14
2.84217e-14
2.84217e-14
2.84217e-14
5.68434e-14
2.84217e-14
5.68434e-14
2.84217e-14
7.10543e-14
2.84217e-14
7.10543e-14
2.84217e-14
7.10543e-14
2.84217e-14
8.52651e-14
2.84217e-14
9.9476e-14
2.84217e-14
1.13687e-13
2.84217e-14
1.13687e-13
2.84217e-14
1.42109e-13
2.84217e-14
1.7053e-13
2.84217e-14
1.98952e-13
2.84217e-14
2.27374e-13
2.84217e-14
2.91323e-13
3.55271e-14
3.90799e-13
4.26326e-14
6.25278e-13
4.9738e-14
7.67386e-13
5.68434e-14
1.04095e-12
6.39488e-14
1.43174e-12
7.4607e-14
1.82609e-12
9.23706e-14
2.54019e-12
1.1724e-13
4.86899e-12
1.54543e-13
2.00142e-11
2.32703e-13
5.22551e-11
